              precision    recall  f1-score   support

           0      0.472     0.515     0.493        99
           1      0.558     0.426     0.483       101
           2      0.769     0.714     0.741        98
           3      0.558     0.569     0.563       102
           4      0.879     0.861     0.870       101
           5      0.641     0.584     0.611       101
           6      0.840     0.881     0.860       101
           7      0.816     0.800     0.808       100
           8      0.412     0.505     0.454        97
           9      0.689     0.730     0.709       100

    accuracy                          0.659      1000
   macro avg      0.663     0.659     0.659      1000
weighted avg      0.664     0.659     0.660      1000
